xxxxxxxxxxxxxxxxxxxxxxxxxxxxxxxxxxxxxxxxxxxxxxxxxxxxxxxxxxxxxxxxxx
000000001001001011000000000000000000011111000000000000000000000000
000000001001001011000000000000000000011111000000000000000000000000
000000001000011110000111100001111000011110000111100001111000011110
100001111000000000000000000000000000000000000000000000000000000000
100001111000000000000000000000000000000000000000000000000000000000
100001111000000000000000000000000000000000000000000000000000000000
100001111000000000000000000000000000000000000000000000000000000000
100001111000000000000000000000000000000000000000000000000000000000
100111100000000001000000100000001100000100000001010000011000000111
010000000000000001000000100000001100000100000001010000011000000111
010000000000000001000000100000001100000100000001010000011000000111
010000000000000001000000100000001100000100000001010000011000000111
010000000000000001000000100000001100000100000001010000011000000111
010000000000000001000000100000001100000100000001010000011000000111
010000000000000001000000100000001100000100000001010000011000000111
010000000000000001000000100000001100000100000001010000011000000111
010000000000000001000000100000001100000100000001010000011000000111
010000000000000001000000100000001100000100000001010000011000000111
010000000000000001000000100000001100000100000001010000011000000111
010000000000000001000000100000001100000100000001010000011000000111
010000000000000001000000100000001100000100000001010000011000000111
010000000000000001000000100000001100000100000001010000011000000111
010000000000000001000000100000001100000100000001010000011000000111
010000000000000001000000100000001100000100000001010000011000000111
101000011100000000000000000000000000000000000000000000000000000000
100001111000000000000000000000000000000000000000000000000000000000
100001111000000000000000000000000000000000000000000000000000000000
100001111000000000000000000000000000000000000000000000000000000000
100001111000000000000000000000000000000000000000000000000000000000
100001111000000000000000000000000000000000000000000000000000000000
100001111000000000000000000000000000000000000000000000000000000000
100111100000000001000000100000001100000100000001010000011000000111
010000000000000001000000100000001100000100000001010000011000000111
010000000000000001000000100000001100000100000001010000011000000111
010000000000000001000000100000001100000100000001010000011000000111
010000000000000001000000100000001100000100000001010000011000000111
010000000000000001000000100000001100000100000001010000011000000111
010000000000000001000000100000001100000100000001010000011000000111
010000000000000001000000100000001100000100000001010000011000000111
010000000000000001000000100000001100000100000001010000011000000111
010000000000000001000000100000001100000100000001010000011000000111
010000000000000001000000100000001100000100000001010000011000000111
010000000000000001000000100000001100000100000001010000011000000111
010000000000000001000000100000001100000100000001010000011000000111
010000000000000001000000100000001100000100000001010000011000000111
010000000000000001000000100000001100000100000001010000011000000111
010000000000000001000000100000001100000100000001010000011000000111
101000011100000000000000000000000000000000000000000000000000000000
100001111000000000000000000000000000000000000000000000000000000000
100001111000000000000000000000000000000000000000000000000000000000
100001111000000000000000000000000000000000000000000000000000000000
100001111000000000000000000000000000000000000000000000000000000000
100001111000000000000000000000000000000000000000000000000000000000
100001111000000000000000000000000000000000000000000000000000000000
100111100000000001000000100000001100000100000001010000011000000111
010000000000000001000000100000001100000100000001010000011000000111
010000000000000001000000100000001100000100000001010000011000000111
010000000000000001000000100000001100000100000001010000011000000111
010000000000000001000000100000001100000100000001010000011000000111
010000000000000001000000100000001100000100000001010000011000000111
010000000000000001000000100000001100000100000001010000011000000111
010000000000000001000000100000001100000100000001010000011000000111
010000000000000001000000100000001100000100000001010000011000000111
010000000000000001000000100000001100000100000001010000011000000111
010000000000000001000000100000001100000100000001010000011000000111
010000000000000001000000100000001100000100000001010000011000000111
010000000000000001000000100000001100000100000001010000011000000111
010000000000000001000000100000001100000100000001010000011000000111
010000000000000001000000100000001100000100000001010000011000000111
010000000000000001000000100000001100000100000001010000011000000111
101000011100000000000000000000000000000000000000000000000000000000
100001111000000000000000000000000000000000000000000000000000000000
100001111000000000000000000000000000000000000000000000000000000000
100001111000000000000000000000000000000000000000000000000000000000
100001111000000000000000000000000000000000000000000000000000000000
100001111000000000000000000000000000000000000000000000000000000000
100001111000000000000000000000000000000000000000000000000000000000
100111100000000001000000100000001100000100000001010000011000000111
010000000000000001000000100000001100000100000001010000011000000111
010000000000000001000000100000001100000100000001010000011000000111
010000000000000001000000100000001100000100000001010000011000000111
010000000000000001000000100000001100000100000001010000011000000111
010000000000000001000000100000001100000100000001010000011000000111
010000000000000001000000100000001100000100000001010000011000000111
010000000000000001000000100000001100000100000001010000011000000111
010000000000000001000000100000001100000100000001010000011000000111
010000000000000001000000100000001100000100000001010000011000000111
010000000000000001000000100000001100000100000001010000011000000111
010000000000000001000000100000001100000100000001010000011000000111
010000000000000001000000100000001100000100000001010000011000000111
010000000000000001000000100000001100000100000001010000011000000111
010000000000000001000000100000001100000100000001010000011000000111
010000000000000001000000100000001100000100000001010000011000000111
010000000000000001000000100000001100000100000001010000011000000111
010000000000000001000000100000001100000100000001010000011000000111
010000000000000001000000100000001100000100000001010000011000000111
010000000000000001000000100000001100000100000001010000011000000111
010000000000000001000000100000001100000100000001010000011000000111
010000000000000001000000100000001100000100000001010000011000000111
010000000000000001000000100000001100000100000001010000011000000111
010000000000000001000000100000001100000100000001010000011000000111
010000000000000001000000100000001100000100000001010000011000000111
010000000000000001000000100000001100000100000001010000011000000111
010000000000000001000000100000001100000100000001010000011000000111
010000000000000001000000100000001100000100000001010000011000000111
010000000000000001000000100000001100000100000001010000011000000111
010000000000000001000000100000001100000100000001010000011000000111
010000000000000001000000100000001100000100000001010000011000000111
010000000000000001000000100000001100000100000001010000011000000111
010000000000000001000000100000001100000100000001010000011000000111
010000000000000001000000100000001100000100000001010000011000000111
010000000000000001000000100000001100000100000001010000011000000111
010000000000000001000000100000001100000100000001010000011000000111
010000000000000001000000100000001100000100000001010000011000000111
010000000000000001000000100000001100000100000001010000011000000111
010000000000000001000000100000001100000100000001010000011000000111
010000000000000001000000100000001100000100000001010000011000000111
010000000000000001000000100000001100000100000001010000011000000111
010000000000000001000000100000001100000100000001010000011000000111
010000000000000001000000100000001100000100000001010000011000000111
010000000000000001000000100000001100000100000001010000011000000111
010000000000000001000000100000001100000100000001010000011000000111
010000000000000001000000100000001100000100000001010000011000000111
010000000000000001000000100000001100000100000001010000011000000111
010000000000000001000000100000001100000100000001010000011000000111
010000000000000001000000100000001100000100000001010000011000000111
010000000000000001000000100000001100000100000001010000011000000111
010000000000000001000000100000001100000100000001010000011000000111
010000000000000001000000100000001100000100000001010000011000000111
010000000000000001000000100000001100000100000001010000011000000111
010000000000000001000000100000001100000100000001010000011000000111
010000000000000001000000100000001100000100000001010000011000000111
010000000000000001000000100000001100000100000001010000011000000111
010000000000000001000000100000001100000100000001010000011000000111
010000000000000001000000100000001100000100000001010000011000000111
010000000000000001000000100000001100000100000001010000011000000111
010000000000000001000000100000001100000100000001010000011000000111
010000000000000001000000100000001100000100000001010000011000000111
010000000000000001000000100000001100000100000001010000011000000111
010000000000000001000000100000001100000100000001010000011000000111
010000000000000001000000100000001100000100000001010000011000000111
010000000000000001000000100000001100000100000001010000011000000111
010000000000000001000000100000001100000100000001010000011000000111
010000000000000001000000100000001100000100000001010000011000000111
010000000000000001000000100000001100000100000001010000011000000111
010000000000000001000000100000001100000100000001010000011000000111
010000000000000001000000100000001100000100000001010000011000000111
010000000000000001000000100000001100000100000001010000011000000111
010000000000000001000000100000001100000100000001010000011000000111
010000000000000001000000100000001100000100000001010000011000000111
010000000000000001000000100000001100000100000001010000011000000111
010000000000000001000000100000001100000100000001010000011000000111
010000000000000001000000100000001100000100000001010000011000000111
010000000000000001000000100000001100000100000001010000011000000111
010000000000000001000000100000001100000100000001010000011000000111
010000000000000001000000100000001100000100000001010000011000000111
010000000000000001000000100000001100000100000001010000011000000111
010000000000000001000000100000001100000100000001010000011000000111
010000000000000001000000100000001100000100000001010000011000000111
010000000000000001000000100000001100000100000001010000011000000111
010000000000000001000000100000001100000100000001010000011000000111
010000000000000001000000100000001100000100000001010000011000000111
010000000000000001000000100000001100000100000001010000011000000111
010000000000000001000000100000001100000100000001010000011000000111
010000000000000001000000100000001100000100000001010000011000000111
010000000000000001000000100000001100000100000001010000011000000111
010000000000000001000000100000001100000100000001010000011000000111
010000000000000001000000100000001100000100000001010000011000000111
010000000000000001000000100000001100000100000001010000011000000111
010000000000000001000000100000001100000100000001010000011000000111
010000000000000001000000100000001100000100000001010000011000000111
010000000000000001000000100000001100000100000001010000011000000111
010000000000000001000000100000001100000100000001010000011000000111
010000000000000001000000100000001100000100000001010000011000000111
010000000000000001000000100000001100000100000001010000011000000111
010000000000000001000000100000001100000100000001010000011000000111
010000000000000001000000100000001100000100000001010000011000000111
010000000000000001000000100000001100000100000001010000011000000111
010000000000000001000000100000001100000100000001010000011000000111
010000000000000001000000100000001100000100000001010000011000000111
010000000000000001000000100000001100000100000001010000011000000111
010000000000000001000000100000001100000100000001010000011000000111
010000000000000001000000100000001100000100000001010000011000000111
010000000000000001000000100000001100000100000001010000011000000111
010000000000000001000000100000001100000100000001010000011000000111
010000000000000001000000100000001100000100000001010000011000000111
010000000000000001000000100000001100000100000001010000011000000111
010000000000000001000000100000001100000100000001010000011000000111
010000000000000001000000100000001100000100000001010000011000000111
010000000000000001000000100000001100000100000001010000011000000111
010000000000000001000000100000001100000100000001010000011000000111
010000000000000001000000100000001100000100000001010000011000000111
010000000000000001000000100000001100000100000001010000011000000111
010000000000000001000000100000001100000100000001010000011000000111
010000000000000001000000100000001100000100000001010000011000000111
010000000000000001000000100000001100000100000001010000011000000111
010000000000000001000000100000001100000100000001010000011000000111
010000000000000001000000100000001100000100000001010000011000000111
010000000000000001000000100000001100000100000001010000011000000111
010000000000000001000000100000001100000100000001010000011000000111
010000000000000001000000100000001100000100000001010000011000000111
010000000000000001000000100000001100000100000001010000011000000111
010000000000000001000000100000001100000100000001010000011000000111
010000000000000001000000100000001100000100000001010000011000000111
010000000000000001000000100000001100000100000001010000011000000111
010000000000000001000000100000001100000100000001010000011000000111
010000000000000001000000100000001100000100000001010000011000000111
010000000000000001000000100000001100000100000001010000011000000111
010000000000000001000000100000001100000100000001010000011000000111
010000000000000001000000100000001100000100000001010000011000000111
010000000000000001000000100000001100000100000001010000011000000111
010000000000000001000000100000001100000100000001010000011000000111
010000000000000001000000100000001100000100000001010000011000000111
010000000000000001000000100000001100000100000001010000011000000111
010000000000000001000000100000001100000100000001010000011000000111
010000000000000001000000100000001100000100000001010000011000000111
010000000000000001000000100000001100000100000001010000011000000111
010000000000000001000000100000001100000100000001010000011000000111
010000000000000001000000100000001100000100000001010000011000000111
010000000000000001000000100000001100000100000001010000011000000111
010000000000000001000000100000001100000100000001010000011000000111
010000000000000001000000100000001100000100000001010000011000000111
010000000000000001000000100000001100000100000001010000011000000111
010000000000000001000000100000001100000100000001010000011000000111
010000000000000001000000100000001100000100000001010000011000000111
010000000000000001000000100000001100000100000001010000011000000111
010000000000000001000000100000001100000100000001010000011000000111
010000000000000001000000100000001100000100000001010000011000000111
010000000000000001000000100000001100000100000001010000011000000111
010000000000000001000000100000001100000100000001010000011000000111
010000000000000001000000100000001100000100000001010000011000000111
010000000000000001000000100000001100000100000001010000011000000111
010000000000000001000000100000001100000100000001010000011000000111
010000000000000001000000100000001100000100000001010000011000000111
010000000000000001000000100000001100000100000001010000011000000111
010000000000000001000000100000001100000100000001010000011000000111
010000000000000001000000100000001100000100000001010000011000000111
010000000000000001000000100000001100000100000001010000011000000111
010000000000000001000000100000001100000100000001010000011000000111
010000000000000001000000100000001100000100000001010000011000000111
010000000000000001000000100000001100000100000001010000011000000111
010000000000000001000000100000001100000100000001010000011000000111
010000000000000001000000100000001100000100000001010000011000000111
010000000000000001000000100000001100000100000001010000011000000111
010000000000000001000000100000001100000100000001010000011000000111
010000000000000001000000100000001100000100000001010000011000000111
010000000000000001000000100000001100000100000001010000011000000111
010000000000000001000000100000001100000100000001010000011000000111
010000000000000001000000100000001100000100000001010000011000000111
010000000000000001000000100000001100000100000001010000011000000111
