0001111000011110000111100001111000011110000111100001111000011110
0001111000011110000111100001111000011110000111100001111000011110
0001111000011110000111100001111000011110000111100001111000011110
0101110000011110000111100001111000011110000111100001111000011110
0001111000011110000111100001111000011110000111100001111000011110
0001111000011110000111100001111000011110000111100001111000011110
0001111000011110000111100001111000011110000111100001111000011110
0001111000011110000111100001111000011110000111100001111000011110
0001111000011110000111100001111000011110000111100001111000011110
0000011100000111000001110000011100000111000001110000011100000111
0000011100000111000001110000011100000111000001110000011100000111
0000011100000111000001110000011100000111000001110000011100000111
0000011100000111000001110000011100000111000001110000011100000111
1111101100000001000000100000001100000100000001010000011000000111
0000000000000001000000100000001100000100000001010000011000000111
0000000000000001000000100000001100000100000001010000011000000111
0000000000000001000000100000001100000100000001010000011000000111
0000000000000001000000100000001100000100000001010000011000000111
0000000000000001000000100000001100000100000001010000011000000111
0000000000000001000000100000001100000100000001010000011000000111
0000000000000001000000100000001100000100000001010000011000000111
0000000000000001000000100000001100000100000001010000011000000111
0000000000000001000000100000001100000100000001010000011000000111
0000000000000001000000100000001100000100000001010000011000000111
0000000000000001000000100000001100000100000001010000011000000111
0000000000000001000000100000001100000100000001010000011000000111
0000000000000001000000100000001100000100000001010000011000000111
0000000000000001000000100000001100000100000001010000011000000111
0000000000000001000000100000001100000100000001010000011000000111
1111110100000111000001110000011100000111000001110000011100000111
0000011100000111000001110000011100000111000001110000011100000111
0000011100000111000001110000011100000111000001110000011100000111
0000011100000111000001110000011100000111000001110000011100000111
0000011100000111000001110000011100000111000001110000011100000111
0000011100000111000001110000011100000111000001110000011100000111
0000011100000111000001110000011100000111000001110000011100000111
0000011100000111000001110000011100000111000001110000011100000111
0000011100000111000001110000011100000111000001110000011100000111
0000011100000111000001110000011100000111000001110000011100000111
0000011100000111000001110000011100000111000001110000011100000111
0000011100000111000001110000011100000111000001110000011100000111
0000011100000111000001110000011100000111000001110000011100000111
0000011100000111000001110000011100000111000001110000011100000111
0000011100000111000001110000011100000111000001110000011100000111
0000011100000111000001110000011100000111000001110000011100000111
0000011100000111000001110000011100000111000001110000011100000111
0000011100000111000001110000011100000111000001110000011100000111
0000011100000111000001110000011100000111000001110000011100000111
0000011100000111000001110000011100000111000001110000011100000111
0000011100000111000001110000011100000111000001110000011100000111
0000011100000111000001110000011100000111000001110000011100000111
0000011100000111000001110000011100000111000001110000011100000111
0000011100000111000001110000011100000111000001110000011100000111
0000011100000111000001110000011100000111000001110000011100000111
0000011100000111000001110000011100000111000001110000011100000111
0000011100000111000001110000011100000111000001110000011100000111
0000011100000111000001110000011100000111000001110000011100000111
0000011100000111000001110000011100000111000001110000011100000111
0000011100000111000001110000011100000111000001110000011100000111
0000011100000111000001110000011100000111000001110000011100000111
0000011100000111000001110000011100000111000001110000011100000111
0000011100000111000001110000011100000111000001110000011100000111
0000011100000111000001110000011100000111000001110000011100000111
0000011100000111000001110000011100000111000001110000011100000111
0000011100000111000001110000011100000111000001110000011100000111
0000011100000111000001110000011100000111000001110000011100000111
0000011100000111000001110000011100000111000001110000011100000111
1111101100000001000000100000001100000100000001010000011000000111
0000000000000001000000100000001100000100000001010000011000000111
0000000000000001000000100000001100000100000001010000011000000111
0000000000000001000000100000001100000100000001010000011000000111
0000000000000001000000100000001100000100000001010000011000000111
0000000000000001000000100000001100000100000001010000011000000111
0000000000000001000000100000001100000100000001010000011000000111
0000000000000001000000100000001100000100000001010000011000000111
0000000000000001000000100000001100000100000001010000011000000111
0000000000000001000000100000001100000100000001010000011000000111
0000000000000001000000100000001100000100000001010000011000000111
0000000000000001000000100000001100000100000001010000011000000111
0000000000000001000000100000001100000100000001010000011000000111
0000000000000001000000100000001100000100000001010000011000000111
0000000000000001000000100000001100000100000001010000011000000111
0000000000000001000000100000001100000100000001010000011000000111
0000000000000001000000100000001100000100000001010000011000000111
0000000000000001000000100000001100000100000001010000011000000111
0000000000000001000000100000001100000100000001010000011000000111
0000000000000001000000100000001100000100000001010000011000000111
0000000000000001000000100000001100000100000001010000011000000111
0000000000000001000000100000001100000100000001010000011000000111
0000000000000001000000100000001100000100000001010000011000000111
0000000000000001000000100000001100000100000001010000011000000111
0000000000000001000000100000001100000100000001010000011000000111
0000000000000001000000100000001100000100000001010000011000000111
0000000000000001000000100000001100000100000001010000011000000111
0000000000000001000000100000001100000100000001010000011000000111
0000000000000001000000100000001100000100000001010000011000000111
1001100111111101000001110000011100000111000001110000011100000111
0000011100000111000001110000011100000111000001110000011100000111
0000011100000111000001110000011100000111000001110000011100000111
0000011100000111000001110000011100000111000001110000011100000111
0000011100000111000001110000011100000111000001110000011100000111
0000011100000111000001110000011100000111000001110000011100000111
1111101100000001000000100000001100000100000001010000011000000111
0000000000000001000000100000001100000100000001010000011000000111
0000000000000001000000100000001100000100000001010000011000000111
0000000000000001000000100000001100000100000001010000011000000111
0000000000000001000000100000001100000100000001010000011000000111
0000000000000001000000100000001100000100000001010000011000000111
0000000000000001000000100000001100000100000001010000011000000111
0000000000000001000000100000001100000100000001010000011000000111
0000000000000001000000100000001100000100000001010000011000000111
0000000000000001000000100000001100000100000001010000011000000111
0000000000000001000000100000001100000100000001010000011000000111
0000000000000001000000100000001100000100000001010000011000000111
0000000000000001000000100000001100000100000001010000011000000111
0000000000000001000000100000001100000100000001010000011000000111
0000000000000001000000100000001100000100000001010000011000000111
0000000000000001000000100000001100000100000001010000011000000111
0000000000000001000000100000001100000100000001010000011000000111
0000000000000001000000100000001100000100000001010000011000000111
0000000000000001000000100000001100000100000001010000011000000111
0000000000000001000000100000001100000100000001010000011000000111
0000000000000001000000100000001100000100000001010000011000000111
0000000000000001000000100000001100000100000001010000011000000111
0000000000000001000000100000001100000100000001010000011000000111
0000000000000001000000100000001100000100000001010000011000000111
0000000000000001000000100000001100000100000001010000011000000111