xxxxxxxxxxxxxxxxxxxxxxxxxxxxxxxxxxxxxxxxxxxxxxxxxxxxxxxxxxxxxxxxxx
000000000000000000000000000000000000000000000000000000000000000000
000000001110001101111111111101000010000000101010011111000000001100
001110100111101011011000001111111100110000000111101011011000010101
100011111110111111100111101010111101010001010011001010011000011000
101001100001000001000011101111100000011111010010101111111010100111
100010000101001100010111000001100010000110100000010000111110110000
100000101101010010000000001101100111000000000010010001011111111111
100000101001010101010111110011100110011001010111010001000100011001
100111010111100001000110100110101111100001001110110010101111100010
101000110011010101110011001000101110010000100010010010101000001010
011110001100111110110010000010000010110000111110100000100111110000
011100000011101011111101000000100100101101100001101110011101101010
010100101110100101001110110010111001100101001001010100000001100110
010110011111111010010001111010100011000000010101010000110000000011
011001111101111110001011010101100010111011011000001111011011011110
010000101001001000101111001100010100001010100011100110010011001010
011011101110001001001100010010110100011010000110101001101011000100
011100111011001001100010110100101011101000110111101100111100001100
011011011101011110100011100101101101001000101111110010001100001000
011010001111011110111100000010101101001101111110101101110010010000
011100100101110000000010110001100000000111001001110000010001011001
011010000001111000111011111111100011110011010100110000111000100011
011101111101000010001010101010010111000100110010100110110001110010
011100010010000100001101000111001001111010011111000011111011000000
011000001010110110000011000011000001000111011110111111110001011111
101101000010000110101010011111000001001100111010100000011101110100
101101010001011010011101100111100100111010010001010001110100111000
100111010101100010111110100110010000110101001110111000001001100010
101100010000111011110010000111110100101000111110101001110011110101
100010010101110101100111000110010110010001011110111001000111100101
100011101000010100011000101100000110000100001101111110111110000010
100100000010101111110001111111001101010111101010100010011001010011
100110110001000111110110001000010110101110111101100110100010110000
010100010011110011111110111000100000101101001010010000011101100110
011110000001011010010010000000010011000000111110011000110000001111
010001000010000001010111011111001000011110100100111100010101001011
011101011110011001001010100101001100011011001111111101101011011000
011010100100110111000011110001111110100111010110001010100001011100
011111001100000111011101100010001001011101101110100011110101101000
011100001010011010111101000011001100110010011110111101100111000000
011101011011101001111101011011011011101101100101000100111101101011
011000011101011010110100111010010011001110001010100111001101000110
011100010111011001101101000110101100010101100000101101101001101010
010011011011000101001111100100101001100101010000010011111110011101
011110001010101111011010000011000101011100111110111110001010001111
010010101111001110101000001101010101001011111100000110001100101111
011111101111011101010101101101010010011110010011111000101010111101
010101000011001100100110100000101010001001001110010011010011100111
101110011110001011101010111010111100101100110100110101110010001001
101100110101110000111010001001101000001011000011101100000011011111
100101110000001001010110010111111100011001000110101010000100011110
101101100000011110101101101111111010110010010010101011001000111000
101101100111000010111101101110100000110101101101001111110110010010
100110000101101110001110111110010010111101001010111000110101100011
100011101101100100001000101101101110000011110010010010111111010111
100100110010101000010110110111000100000001001000111110010000011001
011101010001111111000101011000011101011001100101100101110100010100
010100011010011111100001000100110010101000011111101000100011111111
010100111100001011010110110101110100100001001000001001100000011001
011111000100000000111010011110001000001100111011011100010010001110
011001011110001110101100100101001010110101110000000011011001101101
011111110110111010100101101001000011001001101101111111001100010111
011010101000100000010100001100000111111110000011100001000101000101
010100000111100110011001000001011001000011100001111011110000101010
010101001010000010110001011100110111001111100100010110110010101011
011110010010001101001010000111001010011011000000111100101011011010
010010100011001000110000001111010100001111111100111001101101010000
010010111011011000000000001011010011111000000010111000111011111010
011101000010110100110010100000111110001111001110010101010010100111
010001100110001101101000101110110101101011110011010110000011010010
011001101111110111110011010010100001010000100110101111110111110100
100011000010010101100000100000111001101111110000001011101101010111
101110011011011001101010111011011011101100110100100100101101110110
100010110011011010010000110111011011000111110110100100100001010110
101101001100000110010010011101111110111000111010010101001011110100
101111001000110101100010100011110110010000110000101001000111110111
101101101000010101101010010011111001101100111000101011101101110100
100010011011011010011111000100100100111010100001110001110100110000
100000111010011100000000110100110010000111110111101000101110101100
011011000011010010100011100000101111001000101110010010110011110111
010001110010001011101000101000110100101011110010010110011100101101
010001101110100010100111010010111000110110100110101011100110110100
011100110100010011100010110110001111010111001000100010110110100110
010011110010010010010000010111001111000000000111000010110000000100
011000001101111110011100111101100010111101110100001111011010010011
011111010110110000001010011001000000000100111010000000010001110001
010000000001111011111000111111100011010011110100110000110111010011
011101111101101000001010101010011011111011001101011011000100100111
011001001000011101101011011100001101101011011011100010000011011110
011011110000001000101100010111110100001010000111001001101100111011
010111000100100011001001100001111000100100010001110100011110000010
010101100001010001110001010000010000010000011001100111101000000001
011011101011000001111011101100101000010011010011101100010111011101
010100100001101000100110110000011011110110110110011011000110110011
010001001000010011110111011100001111010001011011100010110111100001
010100001101101010000110111101100100111001001011110001100100011001
010101111011100000111001010100100111110011100111101110111000101011
010100101101000010110110110010010111001110110110100110110010110011
010011101101110011110111101101100000101110101100001111100010110111
011111010100001100010101100110001010000001101111011100101111101000
011001011100101010111100100101111011001101110000001011001101101101
011111001000100101011010011100000110011100111011100001010101110001
010100000110011011111001000001001100101100011110000010011101111111
010000001110100100101000111101000110001011110100000001010011010011
011111111001110111110101101011100001010001101101001111110111101000
010111010101101010111110011001100100110010111010001110011000110001
010000101110111100000111001101000010000110100011111111010001001010
011010101001111001001100001100011100011010000011100101101011000101
010100011011001001100110111011010100010110110101000110010110110011
011000010001101100001011000111100101111011011111001110000100100000
011000101111100010000011001101011000111000100011111011100100001010
011010110100011110110011110110001101001111010111011101110010100011
010110100101110010001001110001100000111011101001110000011011010110
010101111110110111101110101010111110101010110010101010100011001101
010011001100001001011000011101110100011100000100001001101010000100
010000111011001110011111001011010101000010100010111001110000110101
010010111010000011100111110100110111010110101000010110110110110110
010001101101101100010000101101100101111111110011110001111010101101
010101111010110010100110101011000000110110110010111111100110110010
011101010100010011110010100110001111010000110000100010110111110010
010011110010010100001111101000110001111010101101101000000100110111
011011000000011100010100011111110010000001111011001000101111101110
011000111100101010101100110101111011001010001000001011001100111001
011111001000100011000101100011111000100110010001001011100001000010
010111001011111001110001100011011100010000010001000101101000000010
010111100100111110001110010001111101000101000110001010001110011011
010000110000101111001000110111111010100100001000110100100001111001
011101100011111011000101010000100011011001100110010000110100010100
011110000010011111100010000000110010101000111110010111011100001111
010001101001011110101000101100010010110100001100011000100110000111
011110111100010001101010001010001111101011000010100010111100100101
010011110010100010011000010111000111000011111000111110110000101110
010010101101111101010000001101100010011111111100001111010101010000
010000101001100111111111001100011001010010100011100100001000110101
010100011111000011100110111010101000101001001010101100011100011001
010011011110100000111000011010111000001100000101010100010010000100
010110011110001110011110000101001010111101000000000011011010011010
010000001001001111001111000011101010100101011110110011011110011111
010010001001010000101000000011101111110100000001001101000110000101
011000100111101110011011001110100101000011011100101110001111011111
011100101111010111010101001101010001011110011100000111110101000000
010000010101100110000000111001100110111000001010001110100100000110
011111010011100001101101100111011000010101101111000100010110010111
010111100001101111101001101111100101010100010011001110001001111101
010111010000111011011001100111111100100011101111001010011111010111
010111001110101000010110011101000100000001000100000001101111100100
010000000100101010011111000001111011000010100001110100110000110101
011010011101111100011011111010011101111100101010100101111010001001
010011100101001110111000010001101010110011111001110011011000101110
010101110110111101010001010110111101100000011000101010000000000001
011100110000000001111010110111110111101100110111001001000010001100
011000111000001110100011001011110101001000100010110110001100001010
011101101111011110110010101101010010110000110011111000100111110010
011010111100010100001100001010001110000101111101011101010001101111
011001011001111010101011011011100011001011011010110000110011011110
011101111101110111010010101010011110100000110010100101011111110010
011100011001010100001101000100010001111010011111100111111011000000
011011101010110110000011101100111110111000101100010101011011110111
011110011001001011101010000100010100101011000000011001100011011010
010001000100001000110000100001110100001111110001110110010010101101
011010010001110010100100000111100000110110000000110000011001000101
011101111110111001100101010101000011101001100111111111000011101011
010101010111110101001001011001011110011011100101111010101011010100
010101001100110111100001011101111110101000011011110101011100000001
010101100110100001111001010001000111101100011001111110111101111110
010101010010100100101110100111000110001010110000111110101100110010
010010101100100011110000001101111000101111111100001011100010101111
011111001011110010101010011100100000110100111011101111100110001110
011011010100010001010011100110001111100000101111011101000000001000
011001011000000001000011011011110111100111011010110110111110100001
010010010010101101111000000111000101101100000000111110000010000101
011101010000001110011010100111110101000011001111001001110000100111
010111000101111101101001100001100010010100010001110000101001111101
011010000011000100100100000000101001110110000001101100000110111010
010100100000010011001110110000001111011010110110011101001011001100
011110100111001001011101110001010100011101101001111001101010010110
010101000100110000010001011110000000000000011011011111101111111110
011001010100101011010011011001111011011111011010001011001010100001
010000110111001101111000110110101010010011110111010011010111010011
010110001001101000001001111100011011111011101011100100111011010110
011011100010110111101100010000111110101010000110010101011100111011
010001100110100011001000101110111000100100001100101011100001111000
010011001011111011000000011100100011011000000100010000110100000100
010001111101100001100000101010011000010111110010100100010110101101
010011100001101101011000010000011010011100000110011011010101111011
010001001001100100110111011100011001110001011011100100000111100001
010100011111101010000110111010100100111001001010101110011011100110
011100101110110101101101001101000001101010011100000000000011000000
010000000000001001111111000000001011101101011110011100111101100000
011110100010100101111101110000111001101101101001101011111101101001
011011001010100101000100011100111001100110000100010100000001000100
010001100000000110011111010000001001000010100110011100001111001011
010001011111010110110111011010101110110001011010101101011000011110
011100100110111111010010110001000010100000110110000000100000001100
011111111100000001011101101010001000011101101101011100010101101000
010110100001100101000001110000011001100111101001100100000001010110
010100011111111000010001000101011100000000011111111010010000000000
011010110001111110000011110111100010111000101000110000100100001001
011101111100011110111010101010001101001100110010100010001101110010
011100001111011011110010111101010011010000110100000111001000001100
010000010111000001011111000110101000011101011111010011101010011111
010110001011001111010110000011010101011110111110111001110101001111
010010111010011001010111110100110011100001010111101000111111100011
010100111101010101110110110101101110010001001000001101010111100110
010000100110010101101111001110110001101010100011010111111100110101
010110010101011100011001111001101101111100010101110010000101111100
010101110000011011011110101000001100100010110010011101100000110010
011110100100000011110010001110001000101111000011011100011101011010
011001011110100111001100100101000110100101110000000001011110010010
010000000110101111110000111110111010101111110100101011011101010011
011100110110100111110101001001000110101110011101111110100010111111
011010101100001100101011110010001010001011010110100011010011011100
011100001001110111011101000011100001011101100001001111110101101010
010111010101100101001110011001100110011010111010001110101011001110
011111010011001001010010011000101011100000111010010011000000001110
011110001000000001010010000011110111100000111110110110111111110000
011101101101010100000010101101101110000111001100001101010001011000
010000100110000111000000110001001001011000001001111100001011111001
011010100000110100111011110000000001110011010110011111111000100011
010001010101000010001000100110010111000100001111011001001110000111
010110111000101110010110001011111010111110111101001011011010110000
010111001001001100000001100011101010000111101110110011010001010111
010010001001111000010111111100011100000001010100011010010000011100
010001001110000000100000100010110111110111110001010110111001010010
010110010010111000001110000111000011111010111111000000111011001111
010111111101001001010110010101101011100001000111110011000000011011
010101110111111111001001010110100010100100011000101111011110000001
011100101001010001111010110011101111101100110110110010111101110011
010010001101011011110111111101101100101110101011110010011101001001
010101110001011001000110101000010011100110110010011000111110110010
011110111101010011110010001010010000101111000010100111100010100101
010011101011110010011000010011011111000011111001000101001111010001
011000011000101000000100111011111011111001110101001011000100010011
011000110111100000001011001001011000000100100010000100010001110101
010000011110000100011000111010110110000011110101010110101111010011
011001101100101000001011010010000100000100100110100001101110001011
010011111011010001001000010100101111100100000111101101000001111011
010100100111111011001001001110100011011011100011010000110100101010
011001111101100010110011010101100111001111011000001110110010100001
011111010010001101111010011000110101101100111010010110000010001110
011110010000001110101101111000001010110101101010011100100110010110
011110100011101111101101110000100101010101101001101110001001101001
011011010000111010111011100111111100110011010000110101100111011101
011101100100010111011010101110001110100011001100100010100000100111
011100001100000010010101000010001000111110011110100011100101000000