100100101100000001000000100000001100000000000000000000000000000000
100001111000001110000111000011100001110000111000011100001110000111
100001111000001110000111000011100001110000111000011100001110000111
100001111000001110000111000011100001110000111000011100001110000111
100001111000001110000111000011100001110000111000011100001110000111
100001111000001110000111000011100001110000111000011100001110000111
100111100000000001000000100000001100000100000001010000011000000111
010111000000000001000000100000001100000100000001010000011000000111
010111000000000001000000100000001100000100000001010000011000000111
010111000000000001000000100000001100000100000001010000011000000111
010111000000000001000000100000001100000100000001010000011000000111
010111000000000001000000100000001100000100000001010000011000000111
010111000000000001000000100000001100000100000001010000011000000111
010111000000000001000000100000001100000100000001010000011000000111
010111000000000001000000100000001100000100000001010000011000000111
010111000000000001000000100000001100000100000001010000011000000111
010111000000000001000000100000001100000100000001010000011000000111
010111000000000001000000100000001100000100000001010000011000000111
010111000000000001000000100000001100000100000001010000011000000111
010111000000000001000000100000001100000100000001010000011000000111
010111000000000001000000100000001100000100000001010000011000000111
010111000000000001000000100000001100000100000001010000011000000111
101000011100000000000111000011100001110000111000011100001110000111
100001111000001110000111000011100001110000111000011100001110000111
100001111000001110000111000011100001110000111000011100001110000111
100001111000001110000111000011100001110000111000011100001110000111
100001111000001110000111000011100001110000111000011100001110000111
100001111000001110000111000011100001110000111000011100001110000111
100001111000001110000111000011100001110000111000011100001110000111
100111100000000001000000100000001100000100000001010000011000000111
010111000000000001000000100000001100000100000001010000011000000111
010111000000000001000000100000001100000100000001010000011000000111
010111000000000001000000100000001100000100000001010000011000000111
010111000000000001000000100000001100000100000001010000011000000111
010111000000000001000000100000001100000100000001010000011000000111
010111000000000001000000100000001100000100000001010000011000000111
010111000000000001000000100000001100000100000001010000011000000111
010111000000000001000000100000001100000100000001010000011000000111
010111000000000001000000100000001100000100000001010000011000000111
010111000000000001000000100000001100000100000001010000011000000111
010111000000000001000000100000001100000100000001010000011000000111
010111000000000001000000100000001100000100000001010000011000000111
010111000000000001000000100000001100000100000001010000011000000111
010111000000000001000000100000001100000100000001010000011000000111
010111000000000001000000100000001100000100000001010000011000000111
101000011100000000000111000011100001110000111000011100001110000111
100001111000001110000111000011100001110000111000011100001110000111
100001111000001110000111000011100001110000111000011100001110000111
100001111000001110000111000011100001110000111000011100001110000111
100001111000001110000111000011100001110000111000011100001110000111
100001111000001110000111000011100001110000111000011100001110000111
100001111000001110000111000011100001110000111000011100001110000111
100111100000000001000000100000001100000100000001010000011000000111
010111000000000001000000100000001100000100000001010000011000000111
010111000000000001000000100000001100000100000001010000011000000111
010111000000000001000000100000001100000100000001010000011000000111
010111000000000001000000100000001100000100000001010000011000000111
010111000000000001000000100000001100000100000001010000011000000111
010111000000000001000000100000001100000100000001010000011000000111
010111000000000001000000100000001100000100000001010000011000000111
010111000000000001000000100000001100000100000001010000011000000111
010111000000000001000000100000001100000100000001010000011000000111
010111000000000001000000100000001100000100000001010000011000000111
010111000000000001000000100000001100000100000001010000011000000111
010111000000000001000000100000001100000100000001010000011000000111
010111000000000001000000100000001100000100000001010000011000000111
010111000000000001000000100000001100000100000001010000011000000111
010111000000000001000000100000001100000100000001010000011000000111
101000011100000000000111000011100001110000111000011100001110000111
100001111000001110000111000011100001110000111000011100001110000111
100001111000001110000111000011100001110000111000011100001110000111
100001111000001110000111000011100001110000111000011100001110000111
100001111000001110000111000011100001110000111000011100001110000111
100001111000001110000111000011100001110000111000011100001110000111
100001111000001110000111000011100001110000111000011100001110000111
100111100000000001000000100000001100000100000001010000011000000111
010111000000000001000000100000001100000100000001010000011000000111
010111000000000001000000100000001100000100000001010000011000000111
010111000000000001000000100000001100000100000001010000011000000111
010111000000000001000000100000001100000100000001010000011000000111
