1001110001101000011110010111001100000000000000000000000000000000
0000011100000111000001110000011100000111000001110000011100000111
0000011100000111000001110000011100000111000001110000011100000111
0000011100000111000001110000011100000111000001110000011100000111
0000011100000111000001110000011100000111000001110000011100000111
0000011100000111000001110000011100000111000001110000011100000111
1111101101101000011110010111001101101001011000110110000101101100
0111000001101000011110010111001101101001011000110110000101101100
0111000001101000011110010111001101101001011000110110000101101100
0111000001101000011110010111001101101001011000110110000101101100
0111000001101000011110010111001101101001011000110110000101101100
0111000001101000011110010111001101101001011000110110000101101100
0111000001101000011110010111001101101001011000110110000101101100
0111000001101000011110010111001101101001011000110110000101101100
0111000001101000011110010111001101101001011000110110000101101100
0111000001101000011110010111001101101001011000110110000101101100
0111000001101000011110010111001101101001011000110110000101101100
0111000001101000011110010111001101101001011000110110000101101100
0111000001101000011110010111001101101001011000110110000101101100
0111000001101000011110010111001101101001011000110110000101101100
0111000001101000011110010111001101101001011000110110000101101100
0111000001101000011110010111001101101001011000110110000101101100
1111110100000111000001110000011100000111000001110000011100000111
0000011100000111000001110000011100000111000001110000011100000111
0000011100000111000001110000011100000111000001110000011100000111
0000011100000111000001110000011100000111000001110000011100000111
0000011100000111000001110000011100000111000001110000011100000111
0000011100000111000001110000011100000111000001110000011100000111
0000011100000111000001110000011100000111000001110000011100000111
1111101101101000011110010111001101101001011000110110000101101100
0111000001101000011110010111001101101001011000110110000101101100
0111000001101000011110010111001101101001011000110110000101101100
0111000001101000011110010111001101101001011000110110000101101100
0111000001101000011110010111001101101001011000110110000101101100
0111000001101000011110010111001101101001011000110110000101101100
0111000001101000011110010111001101101001011000110110000101101100
0111000001101000011110010111001101101001011000110110000101101100
0111000001101000011110010111001101101001011000110110000101101100
0111000001101000011110010111001101101001011000110110000101101100
0111000001101000011110010111001101101001011000110110000101101100
0111000001101000011110010111001101101001011000110110000101101100
0111000001101000011110010111001101101001011000110110000101101100
0111000001101000011110010111001101101001011000110110000101101100
0111000001101000011110010111001101101001011000110110000101101100
0111000001101000011110010111001101101001011000110110000101101100
1111110100000111000001110000011100000111000001110000011100000111
0000011100000111000001110000011100000111000001110000011100000111
0000011100000111000001110000011100000111000001110000011100000111
0000011100000111000001110000011100000111000001110000011100000111
0000011100000111000001110000011100000111000001110000011100000111
0000011100000111000001110000011100000111000001110000011100000111
0000011100000111000001110000011100000111000001110000011100000111
1111101101101000011110010111001101101001011000110110000101101100
0111000001101000011110010111001101101001011000110110000101101100
0111000001101000011110010111001101101001011000110110000101101100
0111000001101000011110010111001101101001011000110110000101101100
0111000001101000011110010111001101101001011000110110000101101100
0111000001101000011110010111001101101001011000110110000101101100
0111000001101000011110010111001101101001011000110110000101101100
0111000001101000011110010111001101101001011000110110000101101100
0111000001101000011110010111001101101001011000110110000101101100
0111000001101000011110010111001101101001011000110110000101101100
0111000001101000011110010111001101101001011000110110000101101100
0111000001101000011110010111001101101001011000110110000101101100
0111000001101000011110010111001101101001011000110110000101101100
0111000001101000011110010111001101101001011000110110000101101100
0111000001101000011110010111001101101001011000110110000101101100
0111000001101000011110010111001101101001011000110110000101101100
1111110100000111000001110000011100000111000001110000011100000111
0000011100000111000001110000011100000111000001110000011100000111
0000011100000111000001110000011100000111000001110000011100000111
0000011100000111000001110000011100000111000001110000011100000111
0000011100000111000001110000011100000111000001110000011100000111
0000011100000111000001110000011100000111000001110000011100000111
0000011100000111000001110000011100000111000001110000011100000111
1111101101101000011110010111001101101001011000110110000101101100
0111000001101000011110010111001101101001011000110110000101101100
0111000001101000011110010111001101101001011000110110000101101100
0111000001101000011110010111001101101001011000110110000101101100
0111000001101000011110010111001101101001011000110110000101101100
